10774881040
26563360832
29551255486
30043248374+
25750382732+
22231511872+
25570391136+
33412125832+
21952519082+
26794358554
31822193076
33355131778
32041182056+
13741797672+
30022248562+
10711897622+
23842458174
15702033348
35713058260
26779347870
21697526390
35878059836
12136840634
19582601888
33355134052
29387577042
39844419440
12322834386
10780885636
32854160548
31534195146
24919422036
13921785208
35683059458
20434570252
36604020854
46619002738
10705882528
34258100700
24397429718
25348394086
36397035882
34330106156
23218465416
13705786568
30598235836
20887540970
33253140292
29278276924
33400140410
14263774318
17068278470
18304638676
11668864910
22183505882
28543288426
28777283150
34435101438
15937708448
11083884272
25210400150
30679226432
16804683646
19003612844
34609089852
19987574886
30841212898
34567090228
21994519774
13150812348
30289239006
27532321588
11521870690
14773756392
32083179878
27463337498
18475639878
27586335234
32377161886
35323062688
22969489054
23671454620
10555885052
25369393730
34078106470
20257574406
11539861284
26911348284
11215879992
27655327962
15424737104
17971651490
11842859930
47116986170
18901610624
25531388038
35317063592
26215381772
17032678442
34060101780
29992245114
31930181422
30583230914
35869055786
35221062988
16168715960
37576001278
25472707622
13630798636
15082746104
18700622736
15682723116
25594396520
37811296254
36448031054
10000008548
23167464676
17173664274
27829313128
34852075060
17344677492
21358526912
18784618632
16384698948
15004740876
22993477058
22849479588
10387907588
14743759842
10402894480
22675487764
68446275024
74407076432
63649435022
63007456416
54739732022
54235748862
65599370026
72904126506
69442241990
68644268576
28324293182
10666890556
13546785010
20602566322
27535322650
11788856048
33721116330
20188582778
25183397570
20329571470
17200675716
22336508234
28057309600
17101679080
12850822008
11317872662
16522691664
29632265410
27181347700
17452673904
12691827354
30376237618
11275874296
33697116792
17875659592
32611167568
32419174720
33358127136
21445527808
25129415818
34111113724
16759686266
31231204028
22138502508
16963674226
29494272694
18419942682
27802315446
16324697086
25117413802
31582196140
22138502812
25918387890
35950057194
34657084748
26077367716
23245479028
13852778966
20797560006
22375503726
33961108416
23215475166
34123099214
30304235044
26119379738
32362171364
24253446088
18808622690
12718827770
31291196530
26188377024
12187839458
26224366944
32932148406
19888589804
24376424574
37087004638
21856522584
16165701232
28117312588
44627069132
28144313084
18529631612
